081125154044
081125154049
081125154223
081125154226
081125157240
081125157248
081125157260
081125157265
081125159003
081125159013
081125160831
081125160841
081125160993
081125160994
081125166415
081125166423
081125166511
081125166513
081125167443
081125167445
081125167494
081125167497
081125167650
081125167658
081125170164
081125170170
081125173162
081125173164
081125174667
081125174670
081125174675
081125176240
081125176241
081125176322
081125176324
081125176913
081125176916
081125176997
081125177001
081125177002
081125177005
081125177357
081125177362
081125177367
081125178934
081125178940
081125178974
081125178977
081125180919
081125180925
081125182594
081125182602
081125182819
081125182829
081125182880
081125182884
081125183084
081125183088
081125183112
081125183116
081125184241
081125184245
081125184454
081125184460
081125185189
081125185197
081125186295
081125186303
081125188754
081125188760
081125191897
081125191898
081125192276
081125192279
081125192983
081125192987
081125193460
081125193468
081125195116
081125195124
081125195379
081125195382
081125195788
081125195791
081125196249
081125196250
081125196370
081125196378
081125196972
081125196975
081125197187
081125197192
081125197931
081125197934
081125198478
081125198481
